,OBJECTID,FECHA,Positivas,Negativas,TOTALES,XCOORD,YCOORD,Pruebas_dia,GlobalID
0,1,2020/03/09 05:00:00+00,1,107,105,526296.889053,932307.407911,105,d58d636a-e3f0-4f91-8b6e-89ff50ddd914
1,2,2020/03/10 05:00:00+00,8,138,146,526296.889053,932307.407911,41,62252b51-1d88-4d0b-8f1f-10db829ca84c
2,3,2020/03/11 05:00:00+00,14,180,194,526296.889053,932307.407911,48,56d6d0e4-ec63-4bd6-aee0-1bb355867a59
3,4,2020/03/12 05:00:00+00,27,374,401,526296.889053,932307.407911,207,09afe418-9cb1-4e84-8806-23dd5352c1fb
4,5,2020/03/13 05:00:00+00,36,613,649,526296.889053,932307.407911,248,a4127a20-9601-41d0-ab3e-1b676964d6f4
5,6,2020/03/14 05:00:00+00,43,814,857,526296.889053,932307.407911,208,da826cf7-a67a-4c69-b8eb-4ef74dd222ab
6,7,2020/03/15 05:00:00+00,55,921,976,526296.889053,932307.407911,119,31f7d5fc-797e-45e4-8ac9-8ae0f76ea6d0
7,8,2020/03/16 05:00:00+00,69,1004,1073,526296.889053,932307.407911,97,8ff93a67-1c07-47bd-ad23-01608afa6d4f
8,9,2020/03/17 05:00:00+00,86,1159,1245,526296.889053,932307.407911,172,dfba895c-9bec-4c11-9cdb-3c6930431ba3
9,10,2020/03/18 05:00:00+00,109,1346,1455,526296.889053,932307.407911,210,deae9854-0318-403c-8009-b2bf10f753f5
10,11,2020/03/19 05:00:00+00,137,1631,1768,526296.889053,932307.407911,313,c67c9b10-b428-48b5-a910-66a27e5c0d97
11,12,2020/03/20 05:00:00+00,199,1970,2169,526296.889053,932307.407911,401,715b8b59-1292-450f-9cdd-2d0ca6aa51a1
12,13,2020/03/21 05:00:00+00,245,2227,2472,526296.889053,932307.407911,303,e492e843-c294-4199-9642-11dbe5f9efc8
13,14,2020/03/22 05:00:00+00,313,2786,3099,526296.889053,932307.407911,627,18e442be-b253-472e-94a9-77a41eb14c60
14,15,2020/03/23 05:00:00+00,345,3040,3385,526296.889053,932307.407911,286,7fe56d73-7ac8-4ba9-abb6-759f81f1c5ca
15,16,2020/03/24 05:00:00+00,443,3247,3690,526296.889053,932307.407911,305,da7462b4-6330-48a4-a861-7c43914b4acc
16,17,2020/03/25 05:00:00+00,558,3690,4248,526296.889053,932307.407911,558,5bf386db-fb20-4dfc-9660-57258312e76c
17,18,2020/03/26 05:00:00+00,674,4182,4856,526296.889053,932307.407911,608,ef000efc-97f1-49c3-a8a3-f11135f20fbc
18,19,2020/03/27 05:00:00+00,786,4436,5222,526296.889053,932307.407911,366,e19992d9-26c8-4863-aa7c-aa1e2a11bd78
19,20,2020/03/28 05:00:00+00,901,4861,5762,526296.889053,932307.407911,540,a84b21b2-63b2-4a75-9a90-e5aa8e762456
20,21,2020/03/29 05:00:00+00,989,5171,6160,526296.889053,932307.407911,398,6bb08e26-ae29-445a-bf4d-14aded2be20d
21,22,2020/03/30 05:00:00+00,1075,5507,6582,526296.889053,932307.407911,422,2ace5f4a-ec62-49b0-9761-5ccf9cfce779
22,23,2020/03/31 05:00:00+00,1181,5763,6944,526296.889053,932307.407911,362,f14972d9-6dae-4602-b168-b1e0375c9b56
23,24,2020/04/01 05:00:00+00,1317,6016,7333,526296.889053,932307.407911,389,6493bc4c-f841-4a0f-8a38-9db4c9edb296
24,25,2020/04/02 05:00:00+00,1475,6466,7941,526296.889053,932307.407911,608,312d868a-34ba-44ab-99ea-18f21ed7e13d
25,26,2020/04/03 05:00:00+00,1673,7021,8694,526296.889053,932307.407911,753,ea943be0-5b60-42fe-b361-a7cfa7cec8b7
26,27,2020/04/04 05:00:00+00,1801,7455,9256,526296.889053,932307.407911,562,75fe2c7a-afef-40bd-92ab-639b5260802b
27,28,2020/04/05 05:00:00+00,1988,7761,9749,526296.889053,932307.407911,493,6beb610b-87e1-49d1-9a64-4df05967adb5
28,29,2020/04/06 05:00:00+00,2100,8197,10297,526296.889053,932307.407911,548,f40fe1d2-01dc-46bd-af0e-97b547475124
29,30,2020/04/07 05:00:00+00,2249,8432,10681,526296.889053,932307.407911,384,19c535f1-5503-4db5-b945-65d96193e1c5
30,31,2020/04/08 05:00:00+00,2528,9248,11776,526296.889053,932307.407911,1095,63290236-6143-461d-b28e-8e83d7717e7a
31,32,2020/04/09 05:00:00+00,2752,9700,12583,526296.889053,932307.407911,807,f00fb8e6-f250-4522-9b85-b34d80bfcd0e
32,33,2020/04/10 05:00:00+00,2974,10524,13648,526296.889053,932307.407911,1065,ce398292-d018-449a-a8ee-5f566f627ee9
33,34,2020/04/11 05:00:00+00,3234,11126,14588,526296.889053,932307.407911,940,e7cc77cd-4ef0-4608-832c-fc5374343dd1
34,35,2020/04/12 05:00:00+00,3400,11585,15147,526296.889053,932307.407911,559,213c5bb0-24a2-459c-900f-111b026322ba
35,36,2020/04/13 09:00:00+00,3472,11925,15567,526296.889053,932307.407911,420,12283cdb-4d43-46aa-a075-71f69f8565c9
36,39,2020/04/14 05:00:00+00,3574,12309,16053,526296.889053,932307.407911,486,d1baa00d-8cfc-46d0-8280-438df4c684f0
37,40,2020/04/15 05:00:00+00,3751,12917,16854,526296.889053,932307.407911,801,5287a958-c5fa-4fda-94ef-0d274493faad
38,41,2020/04/16 23:00:00+00,4016,13614,17850,526296.889053,932307.407911,996,0bf654c7-e2ba-4827-b6a5-eb042b2e8622
39,42,2020/04/17 14:00:00+00,4210,14131,18559,526296.889053,932307.407911,709,9bced5f4-dec2-4ab8-871c-45d54684d3c5
40,43,2020/04/18 20:00:00+00,4273,14565,19091,526296.889053,932307.407911,532,f2ebe67d-4d03-4f88-80cb-bf7ed7c86bfd
41,44,2020/04/19 14:00:00+00,4467,15384,20137,526296.889053,932307.407911,1046,065fe08c-b0db-4ae7-ac09-4c8ededdf788
42,47,2020/04/20 05:00:00+00,4658,16023,20996,526296.889053,932307.407911,859,eba99d98-838b-486d-bb17-98b89b90695c
43,49,2020/04/21 20:00:00+00,4821,16731,21902,526296.889053,932307.407911,906,812c543f-2728-4839-b31c-ee1ad0595dd6
44,50,2020/04/22 22:00:00+00,4992,17710,22702,526296.889053,932307.407911,800,95a45e54-41b0-4d8a-94ef-f8a08e318fb6
45,51,2020/04/23 18:00:00+00,5166,17978,23534,526296.889053,932307.407911,832,59262844-40e0-4366-aec3-5d4f04768c1d
46,53,2020/04/24 18:00:00+00,5338,18565,24304,526296.889053,932307.407911,770,4b02298a-5a08-483c-aef6-cff8007c293f
47,54,2020/04/25 20:24:16.349+00,5538,19386,25400,526296.889053,932307.407911,1096,39e0cfe2-6630-4523-a909-5430951571e5
48,55,2020/04/26 19:23:19.472+00,5779,20344,26642,526296.889053,932307.407911,1242,4d489e38-380b-4a24-a6a6-cf1fc5d6d83e
49,56,2020/04/27 19:36:33.860+00,6021,21200,27834,526296.889053,932307.407911,1192,0108726f-fc82-4f1c-be77-02b6d5512117
50,57,2020/04/28 20:47:13.188+00,6200,21934,28795,526296.889053,932307.407911,961,2a5d27b9-9d9e-4ad7-919d-fe80ca2c1eaa
51,58,2020/04/29 19:59:53.477+00,6378,22767,29837,526296.889053,932307.407911,1042,8551989a-3f1c-46a9-9b2b-9e1ca646a9c8
52,59,2020/04/30 18:40:54.033+00,6532,23497,30749,526296.889053,932307.407911,912,f1c4e904-c17f-41db-b21b-58709ddc2d27
53,60,2020/05/01 19:09:05.893+00,6720,24357,31895,526296.889053,932307.407911,1146,86ecdca7-de60-41e3-b824-15ba63037284
54,61,2020/05/02 20:13:20.215+00,7090,25454,33354,526296.889053,932307.407911,1459,28e0e49f-0e29-4a33-9cd1-a227c36a1d02
55,62,2020/05/03 20:49:26.581+00,7196,26344,34459,526296.889053,932307.407911,1105,114f7ba5-4877-4858-b4ef-696504f8ab08
56,63,2020/05/04 19:35:08.614+00,7387,27145,35556,526296.889053,932307.407911,1097,50e67747-fb96-40de-a832-faea6f2bdacb
57,64,2020/05/05 20:00:33.560+00,7523,27924,36483,526296.889053,932307.407911,927,e9715ca6-a06c-43d8-8e0c-26a6a476c852
58,65,2020/05/06 18:40:50.840+00,7731,29128,38014,526296.889053,932307.407911,1531,176ad703-b89c-489e-bb9b-86e781d65872
59,66,2020/05/07 19:14:06.299+00,7868,30035,39093,526296.889053,932307.407911,1079,0001f278-00b6-47d1-998f-40b2750f15a9
60,67,2020/05/08 20:00:34.537+00,8070,31030,40356,526296.889053,932307.407911,1263,dc12422b-9d25-428d-a2af-66c3a9a51aba
61,68,2020/05/09 19:24:57.546+00,8282,32083,41649,526296.889053,932307.407911,1284,acf4c96d-214d-447c-b0f1-e13bb599aeac
62,70,2020/05/10 19:31:46.366+00,8448,32744,42657,526296.889053,932307.407911,1008,64f969a7-659e-4b37-97c7-9a4eb67bb3b9
63,71,2020/05/11 19:32:39.890+00,8616,33556,43663,526296.889053,932307.407911,1006,69d855da-cd0f-4eae-b464-7ddb97b9d35c
64,72,2020/05/12 15:00:00+00,8783,35778,44561,526296.889053,932307.407911,898,14d8d284-592c-427a-aaf3-6d2005167d5b
65,73,2020/05/13 23:00:00+00,8944,35358,45873,526296.889053,932307.407911,1422,18629982-bff1-4e1e-bb19-7b28964e1de6
66,76,2020/05/14 20:00:00+00,9118,36103,46898,526296.889053,932307.407911,1025,c9c41665-d05e-47b7-957b-c37a54285f27
67,77,2020/05/15 22:00:00+00,9268,36821,47768,526296.889053,932307.407911,1679,1245a8a4-3317-48a3-83c7-ac8a95ca3e0e
68,81,2020/05/16 19:13:20.149+00,9449,37935,49104,526296.889053,932307.407911,1336,ed699188-92f9-4fb0-ba9e-9a7f0f285e55
69,82,2020/05/17 22:00:00+00,9606,38993,50348,526296.889053,932307.407911,1244,d4c79de2-b9bc-48dd-b6b2-78d1377709f1
70,83,2020/05/18 22:51:38.465+00,9726,39586,51105,526296.889053,932307.407911,757,81cf9fbe-e394-459a-b4a2-c89beb0570aa
71,84,2020/05/19 17:00:00+00,9867,40142,51815,526296.889053,932307.407911,710,f7094cd2-68af-44e7-b389-cd88f2ac7925
72,85,2020/05/20 21:14:07.004+00,9977,40821,52641,526296.889053,932307.407911,826,03c801ec-b14d-43a9-a777-81d1966f2e7f
73,86,2020/05/21 21:00:00+00,10116,41932,53928,526296.889053,932307.407911,1287,8a5661df-c096-4e0a-a403-1c03d9860fbb
74,87,2020/05/22 22:00:00+00,10267,42806,55018,526296.889053,932307.407911,1090,c49ab6b4-f1b3-4971-b509-9d46e3f415df
75,88,2020/05/23 21:00:00+00,10577,44165,56755,526296.889053,932307.407911,1737,e2e7df89-4c80-4307-a688-1b48eeeac540
76,89,2020/05/24 20:16:35.597+00,10926,45272,58240,526296.889053,932307.407911,1485,25413b38-20d5-489d-8d56-0b9f911b292a
77,90,2020/05/25 19:00:00+00,11183,46071,59339,526296.889053,932307.407911,1099,9e2935ce-9429-401e-994d-960ae8bba2e6
78,91,2020/05/26 19:26:57+00,11447,47020,60598,526296.889053,932307.407911,1259,8d2b863e-6570-4bca-a823-b979fa6a4451
79,92,2020/05/27 19:00:00+00,11728,47992,61895,526296.889053,932307.407911,1297,ca494e20-11fe-4ea1-9e71-c027cb243654
80,93,2020/05/28 20:24:48+00,12131,48842,63202,526296.889053,932307.407911,1307,a5f72429-9e4f-4675-a79d-c0617a67b79a
81,94,2020/05/29 19:19:55.331+00,12531,49849,64641,526296.889053,932307.407911,1439,928c5fa4-f5d6-4867-a0e5-536318229d76
82,95,2020/05/30 20:59:34+00,13018,50849,66192,526296.889053,932307.407911,1551,15459ed9-7bf0-4812-a6ee-2f58038fd422
83,96,2020/05/31 19:02:54+00,13463,51874,67730,526296.889053,932307.407911,1538,d94e3212-d773-4ebb-8e24-2a9ac1669d77
84,97,2020/06/01 22:00:00+00,13837,52428,68635,526296.889053,932307.407911,905,c6d1313a-70cc-4eea-a5ca-ff745eacbe83
85,98,2020/06/02 23:00:00+00,14095,53000,69483,526296.889053,932307.407911,848,46c1da74-f213-4e52-a057-094a0117a108
86,99,2020/06/03 23:00:00+00,14609,54105,71139,526296.889053,932307.407911,1656,372e0f48-4ae8-448d-82fb-1cd474eb10bf
87,100,2020/06/04 22:27:32+00,15044,55201,72697,526296.889053,932307.407911,1558,e919ce87-2106-4ece-9675-303112687dbc
88,101,2020/06/05 12:00:00+00,15463,56277,74231,526296.889053,932307.407911,1076,8a65bc97-5892-4ab8-bd8f-883accf0ed7c
89,102,2020/06/06 23:00:00+00,16004,57480,76003,526296.889053,932307.407911,1772,a7ed3eea-1cb9-4e8d-967d-0132f52b19bf
90,103,2020/06/07 23:00:00+00,16425,58632,77592,526296.889053,932307.407911,1589,896691c0-ca51-48cf-a7c0-8d280f015f49
91,104,2020/06/08 20:30:12+00,16854,59859,79268,526296.889053,932307.407911,1676,dcda92d0-67f0-410d-bcbd-2b869f7c1817
92,105,2020/06/09 19:12:15+00,17233,60899,80720,526296.889053,932307.407911,1452,0a6cb4c4-c815-4018-8490-94196dcbcb28
93,106,2020/06/10 20:10:03+00,17889,62284,82774,526296.889053,932307.407911,2054,1cf4b677-47bd-455a-85e2-e013ddcee440
94,107,2020/06/11 20:12:51+00,18586,63805,85007,526296.889053,932307.407911,2233,4490124e-e2f7-440b-adc5-e6e669149114
